스시메이진,11.5,22,서울 마포구 양화로18길 3,37.5564687,126.9246321,0,38.9369513,50.3889958,50.3889958,73.2930848,16.0328623,0,0,28.9838985,48.3064975,28.9838985,57.967797,28.9838985,0,0,61.991949,41.327966,20.663983,51.6599575,20.663983,10.3319915,0,53.4822236,26.7411118,41.140172,71.995301,6.1710258,6.1710258,0,32.4788702,55.6780632,48.7183053,69.597579,16.2394351,9.2796772,5.311871,37.183097,34.5271615,29.2152905,116.861162,29.2152905,13.2796775,7.9617702,47.7706212,29.1931574,31.8470808,63.6941616,69.0020084,15.9235404
프리모바치오바치,11,23,서울 마포구 와우산로23길 44,37.5547481,126.9236715,0,26.19883,78.59649,91.695905,52.39766,13.099415,0,0,40.8499,56.5614,40.8499,106.8382,69.1306,0,0,74.380114,48.50877,80.84795,64.67836,54.976606,0,0,31.4561379,65.7719247,51.4736802,80.0701692,57.192978,0,0,45.3567226,51.8362544,45.3567226,116.6315724,64.795318,0,0,69.7192956,42.6062362,58.099413,116.198826,89.0857666,11.6198826,0,42.315786,68.175433,54.070171,49.368417,11.754385,4.701754
홍대마늘떡볶이,11,23,서울 마포구 홍익로5안길 24,37.5536482,126.9214283,0,28.7371452,50.2900041,64.6585767,69.4481009,21.5528589,4.7895242,0,28.1668256,19.3646926,38.7293852,49.2919448,35.208532,5.2812798,0,27.9340425,33.520851,31.6585815,59.592624,27.9340425,5.5868085,0,27.864207,23.883606,39.80601,57.7187145,43.786611,5.9709015,0,21.9282228,29.2376304,23.7555747,58.4752608,40.2017418,9.1367595,0,36.682828,20.1755554,23.8438382,40.3511108,55.024242,7.3365656,0,39.6314226,48.4384054,61.6488796,61.6488796,24.2192027,2.2017457
토끼정홍대,11.5,22.5,서울 마포구 잔다리로2길 13,37.5516708,126.9206737,0,59.7209256,74.651157,54.7441818,54.7441818,4.9767438,0,0,25.883718,20.953486,25.883718,29.581392,20.953486,0,0,43.5348768,19.9534852,39.9069704,41.7209236,5.4418596,3.6279064,0,57.7674394,35.1627892,42.6976726,82.8837174,32.6511614,0,0,36.1395328,23.2325568,77.441856,77.441856,43.8837184,0,0,27.6744146,25.6976707,23.7209268,55.3488292,55.3488292,9.8837195,0,50.6511576,33.7674384,53.4651108,90.0465024,56.279064,11.2558128
홍대닭갈비,11,23,서울 마포구 홍익로3길 32,37.5530548,126.9215682,0,40.711685,31.132465,43.10649,81.42337,28.73766,14.36883,0,34.1298675,27.303894,45.50649,70.5350595,25.0285695,25.0285695,0,54.389606,0,62.5480469,95.1818105,59.8285666,0,0,43.4025945,23.1480504,43.4025945,57.870126,101.2727205,20.2545441,0,62.2909077,29.662337,62.2909077,91.9532447,50.4259729,0,0,44.493504,50.4259712,56.3584384,59.324672,62.2909056,23.7298688,0,62.1350622,55.2311664,55.2311664,110.4623328,58.6831143,24.1636353
스시오 블랙컨테이너,11,22,서울 마포구 어울마당로 100-6,37.5536442,126.9224651,0,70.172836,70.172836,105.259254,73.6814778,31.5777762,0,0,32.3901214,67.0938229,25.4493811,62.4666627,39.3308617,4.6271602,0,80.4345632,42.7308617,37.7037015,55.2987622,20.1086408,15.0814806,0,40.5061686,30.9753054,47.654316,52.4197476,66.7160424,0,0,40.0024654,30.5901206,47.061724,51.7678964,65.8864136,0,0,46.3975274,26.2246894,34.2938246,52.4493788,42.3629598,0,0,52.088886,86.81481,57.87654,72.345675,23.150616,5.787654
마녀주방 홍대점,12,22.5,서울 마포구 와우산로21길 36-10,37.5528227,126.9221012,0,30.1917752,22.2465712,46.0821832,42.9041016,17.4794488,0,0,38.1369824,38.1369824,33.3698596,81.0410876,38.1369824,9.5342456,0,39.5068478,50.7945186,31.0410947,67.7260248,93.1232841,0,0,60.6506826,21.0958896,60.6506826,68.5616412,52.739724,0,0,34.9315056,37.8424644,55.3082172,93.1506816,58.219176,11.6438352,0,54.4931478,42.3835594,39.3561623,72.6575304,72.6575304,21.1917797,0,36.3698604,36.3698604,58.5958862,42.4315038,34.3493126,2.0205478
로운 샤브샤브 홍대점,11,22,서울 마포구 양화로 153,37.5564405,126.9226104,0,79.7956319,52.0406295,48.5712542,117.9587602,27.7550024,20.8162518,0,57.409334,67.393566,37.44087,62.40145,14.976348,9.984232,0,48.5639748,51.2619734,48.5639748,75.5439608,37.7719804,8.0939958,0,51.1237085,45.7422655,40.3608225,83.4123665,26.907215,21.525772,0,62.5979332,22.7628848,54.0618514,99.587621,45.5257696,0,0,66.1200672,33.0600336,44.0800448,79.8950812,52.3450532,0,0,59.4687654,56.1649451,82.5955075,105.7222496,26.4305624,0
성격양식,11.5,22,서울 마포구 연남로 6,37.5604702,126.9235247,0,50.4482699,45.1379257,42.4827536,92.9310235,34.5172373,0,0,24.5057436,71.6321736,37.701144,30.1609152,0,24.5057436,0,33.4712612,33.4712612,36.0459736,43.7701108,87.5402216,23.1724116,0,48.2068926,48.2068926,66.9540175,83.0229817,0,21.4252856,0,53.7931,53.7931,43.03448,88.758615,29.586205,0,0,40.517238,51.3218348,37.8160888,37.8160888,86.4367744,16.2068952,0,53.1724122,64.9885038,100.4367786,64.9885038,23.6321832,0
메이드바이오즈,11.5,22.5,서울 마포구 와우산로21길 14,37.5524438,126.9231365,0,55.2889878,58.5412812,84.5596284,74.8027482,52.0366944,0,0,65.3944918,29.724769,56.4770611,101.0642146,26.7522921,17.8348614,0,50.779815,47.394494,44.009173,125.256877,71.091741,0,0,81.8165088,56.6421984,56.6421984,66.0825648,53.4954096,0,0,58.4587116,0,55.2110054,110.4220108,77.9449488,22.7339434,0,62.5871538,27.8165128,62.5871538,104.311923,69.541282,20.8623846,0,57.6330228,48.027519,70.4403612,96.055038,38.4220152,12.8073384
더다이닝랩,11.5,24,서울 마포구 양화로23길 22-7,37.5597173,126.9252536,0,54.814812,32.8888872,49.3333308,106.8888834,30.1481466,0,0,0,0,0,84.4074047,111.8888853,0,0,49.3111059,0,37.5703664,103.3185076,44.6148101,0,0,56.5999947,0,0,75.4666596,58.6962908,18.8666649,0,18.4888872,0,0,115.555545,97.0666578,0,0,29.3333315,23.9999985,15.999999,82.6666615,114.6666595,0,0,57.3333318,31.851851,63.703702,121.0370338,47.7777765,0
뉴욕엔와이,11.5,23,서울 마포구 와우산로21길 28-11,37.5529284,126.9223249,0,17.7857118,20.7499971,27.6666628,23.7142824,8.8928559,0,0,13.8809517,21.4523799,31.5476175,45.4285692,13.8809517,0,0,13.5714264,12.4404742,16.964283,33.928566,36.1904704,0,0,22.619044,16.666664,13.095236,46.428564,20.238092,0,0,33.7499967,28.9285686,22.4999978,43.3928529,32.142854,0,0,31.9285692,21.2857128,54.9880914,39.0238068,21.2857128,8.869047,0,33.214284,27.67857,27.67857,60.892854,20.297618,9.22619
오늘의연어,12,23,서울 마포구 동교로 212-9,37.5594294,126.9241146,0,30.4390224,32.9756076,88.780482,68.4878004,32.9756076,0,0,35.9024368,20.1951207,29.1707299,78.5365805,33.6585345,26.9268276,0,0,40.5853632,50.731704,96.3902376,65.9512152,0,0,22.6707294,35.0365818,39.1585326,82.439016,26.7926802,0,0,26.9634123,36.7682895,39.2195088,93.1463334,49.024386,0,0,37.0243884,0,40.1097541,64.7926797,117.2438966,49.3658512,0,49.829265,22.14634,44.29268,91.3536525,71.975605,19.3780475
초마,11.5,21,서울 마포구 와우산로 72,37.5508352,126.9234064,0,54.445374,106.025202,40.117644,54.445374,31.521006,0,0,29.8571396,58.1428508,21.9999976,29.8571396,17.2857124,0,0,85.378148,42.689074,46.9579814,38.4201666,0,0,0,57.9999952,57.9999952,49.7142816,41.428568,0,0,0,79.260498,37.4285685,28.6218465,46.2352905,28.6218465,0,0,64.5588195,14.7563016,33.2016786,46.1134425,25.8235278,0,0,43.7899122,85.1470515,7.2983187,63.2520954,34.0588206,0
도누리오빠곱창,13,1,서울 마포구 잔다리로2길 17,37.5516819,126.9208105,0,0,27.5294088,30.588232,53.529406,25.9999972,15.294116,0,0,26.9803888,32.0392117,59.0196005,26.9803888,23.6078402,0,0,28.235292,39.999997,89.411758,51.764702,25.882351,0,0,0,49.0196025,74.5097958,41.1764661,31.3725456,0,0,28.9999957,34.117642,51.176463,32.4117599,23.8823494,0,0,30.5882325,30.5882325,71.3725425,50.9803875,20.392155,0,36.7058808,30.588234,42.8235276,59.1372524,44.8627432,26.5098028
중화가정,11.5,22,서울 마포구 잔다리로2길 19,37.5516914,126.9209552,0,58.1203266,58.1203266,41.514519,91.3319418,27.676346,0,0,48.6224028,64.8298704,24.3112014,78.3360934,48.6224028,5.4024892,0,65.2697056,53.4024864,38.5684624,83.0705344,56.3692912,0,0,62.6224038,51.2365122,37.0041477,79.7012412,54.0829851,0,0,59.58506,77.460578,59.58506,59.58506,41.709542,0,0,63.6265498,0,66.5186657,86.763477,52.0580862,20.2448113,0,50.9377554,62.2572566,56.597506,67.9170072,56.597506,0
릴린,11.5,22,서울 마포구 동교로34길 17,37.5609284,126.9252623,0,25.7272697,58.4710675,60.8099102,77.1818091,11.6942135,0,0,27.537188,35.404956,80.644622,53.107434,0,0,0,0,0,0,209.91734,0,0,0,61.9834675,24.793387,81.8181771,64.4628062,14.8760322,0,0,35.7024762,39.669418,59.504127,63.4710688,0,0,0,57.9669363,27.603303,44.1652848,55.206606,91.0908999,0,0,47.9008242,71.8512363,50.5619811,87.8181777,18.6280983,0
가미우동,12,20,서울 마포구 홍익로2길 23,37.5546352,126.9238384,0,86.4137876,92.586201,74.0689608,55.5517206,0,0,0,54.0689604,57.931029,46.3448232,34.7586174,0,0,0,92.1379264,31.6724122,54.7068938,80.6206856,28.793102,0,0,95.1379274,88.9999966,0,122.758616,0,0,0,85.862064,82.9999952,0,117.3448208,0,0,0,108.2586141,38.8620666,63.8448237,30.5344809,36.0862047,0,0,61.7586192,85.77586,30.8793096,120.086204,0,0
새우왕 알베르토,15,23,서울 마포구 어울마당로 123,37.5556118,126.9236206,0,0,17.2595373,14.5343472,29.9770911,22.7099175,6.3587769,0,0,0,51.6183108,24.580148,25.8091554,20.8931258,0,0,0,23.854955,43.8931172,27.6717478,0,0,0,0,29.6717503,47.7328157,51.603044,0,0,0,0,20.7633563,40.3053387,47.6335821,13.4351129,0,0,21.5267148,34.0839651,44.8473225,44.8473225,34.0839651,0,29.4045786,19.6030524,45.7404556,55.5419818,27.7709909,14.7022893
중화복춘,12,23,서울 마포구 동교로 220-7,37.5595279,126.9242445,0,64.052976,34.695362,69.390724,74.728472,21.350992,2.668874,0,53.907282,29.6490051,16.1721846,70.0794666,83.5562871,16.1721846,0,66.2582735,20.1655615,28.807945,80.662246,80.662246,11.523178,0,70.0794666,35.0397333,31.854303,101.9337696,66.8940363,12.7417212,0,64.8874114,0,56.423836,78.9933704,59.2450278,22.5695344,0,42.807944,24.0794685,34.7814545,90.966881,50.8344335,24.0794685,0,49.8278106,44.2913872,47.0595989,96.8874095,41.5231755,8.3046351
멘야산다이메,12,0.5,서울 마포구 홍익로5안길 24,37.5536482,126.9214283,0,56.705528,14.176382,102.7787695,85.058292,67.3378145,28.352764,0,58.415542,14.6038855,43.8116565,55.4947649,102.2271985,17.5246626,0,88.385646,0,0,147.30941,58.923764,0,0,110.6128468,38.8639732,80.7174828,0,68.7593372,0,0,111.663669,0,81.484299,60.35874,48.286992,0,0,57.817634,28.908817,26.0179353,89.6173327,86.726451,0,0,63.1479798,98.2301908,35.082211,105.246633,0,7.0164422
소년식당,2,21,서울 마포구 와우산로29라길 16,37.5551488,126.9269071,0,72.3529352,38.9592728,41.742078,97.398182,27.828052,0,0,41.7330285,23.5882335,32.660631,68.950221,14.515836,0,0,50.0723938,72.8325728,34.1402685,36.4162864,34.1402685,0,0,89.4298572,42.2307659,47.1990913,69.5565556,0,0,0,70.316736,53.9094976,37.5022592,72.6606272,0,0,0,42.5701311,26.3529383,40.542982,62.8416221,30.4072365,0,0,52.9411734,47.0588208,85.2941127,58.823526,26.4705867,2.9411763
준호키친,11.5,22.5,서울 마포구 와우산로29바길 25,37.555147,126.9257211,0,25.7472512,49.1538432,51.4945024,81.923072,25.7472512,0,0,43.714281,31.9450515,36.989007,55.4835105,0,0,0,30.4615332,43.516476,15.9560412,55.1208696,0,0,17.1648334,14.0439546,26.5274698,46.813182,51.4945002,0,0,0,54.8461486,44.230765,0,45.9999956,31.8461508,0,0,45.93406,29.857139,45.93406,64.307684,43.637357,0,0,50.8351626,93.1977981,59.3076897,62.1318654,22.5934056,0
진저피그,11.5,23,서울 마포구 양화로 128,37.5542982,126.9209742,0,19.8478247,25.2608678,43.3043448,64.9565172,27.0652155,0,0,43.7826044,34.565214,20.7391284,82.9565136,48.3912996,0,0,37.6956487,33.2608665,31.0434754,79.8260796,39.9130398,0,0,10.782608,40.43478,48.521736,107.82608,61.999996,0,0,50.434778,17.6521723,25.217389,88.2608615,50.434778,20.1739112,0,26.630433,50.5978227,31.9565196,82.5543423,42.6086928,31.9565196,0,47.3478246,21.0434776,55.2391287,92.0652145,55.2391287,0
뉴오더클럽,14,24,서울 마포구 동교로34길 3,37.5610182,126.9245343,0,0,58.743242,102.16216,63.85135,30.648648,0,0,0,0,0,105.72972,66.081075,48.459455,0,0,54.6891858,51.8108076,143.91891,0,37.4189166,0,0,30.9189155,61.837831,106.810799,81.5135045,0,0,0,0,36.3243202,70.0540461,75.2432347,77.837829,0,0,59.999996,0,122.9999918,77.9999948,38.9999974,0,57.891888,73.972968,102.918912,73.972968,70.756752,0
등불서양주점,18,2,서울 마포구 동교로34길 4,37.5608866,126.924534,0,0,0,0,51.2465699,68.9178009,56.5479392,0,0,0,0,56.3835552,45.6438304,32.2191744,0,0,0,0,65.753418,98.630127,54.794515,0,0,0,0,102.0821834,79.8904044,39.9452022,0,0,0,0,54.9588988,56.575337,50.1095842,0,0,0,0,56.6575306,162.2465649,38.6301345,0,49.8082158,0,0,166.027386,71.9452006,38.7397234
청년닭발1987,15,5,서울 마포구 동교로 218-1,37.5594485,126.9239276,0,0,0,0,90.55899747,121.786238,99.92716962,0,0,0,0,75.69298326,61.27527216,43.25313329,0,0,0,0,144.117066,216.1755989,120.097555,0,0,0,0,226.5385254,177.2910199,88.64550993,0,0,0,0,88.83766345,91.4505359,80.99904609,0,0,0,0,145.9125352,417.8404416,99.48581943,0,49.8082158,0,0,459.418215,199.0812265,107.1975835
인얼반,12,2,서울 마포구 와우산로21길 21-14,37.5517551,126.922017,0,39.9245247,19.0943379,52.075467,20.8301868,34.716978,6.9433956,0,0,31.3018818,26.8301844,67.075461,23.8490528,0,0,30.9056579,35.6603745,54.6792409,26.1509413,90.3396154,0,0,22.5660357,20.8301868,52.075467,38.1886758,26.0377335,13.8867912,0,15.3962248,32.7169777,53.8867868,65.4339554,17.3207529,7.6981124,0,0,50.943393,28.301885,48.1132045,28.301885,127.3584825,0,53.9999964,53.9999964,50.9999966,104.999993,65.9999956,23.9999984
안녕파스타씨,12,21,서울 마포구 잔다리로6길 36,37.5521891,126.9211891,0,0,25.043474,45.0782532,41.3217321,13.7739107,0,0,21.1304322,15.2608677,38.7391257,28.1739096,14.0869548,0,0,9.6347808,21.6782568,22.8826044,48.173904,18.065214,0,0,27.8347784,10.1217376,31.63043,50.608688,6.326086,0,0,23.7391296,27.6956512,33.6304336,69.239128,43.5217376,0,0,19.6565193,41.0999949,32.1652134,53.608689,32.1652134,0,0,30.7565172,29.0478218,49.5521666,46.1347758,20.5043448,0
루나씨엘로,16,1,서울 마포구 동교로34길 21,37.5608245,126.9255332,0,0,0,51.0810783,77.8378336,65.6756721,48.648646,0,0,0,51.790536,78.918912,66.587832,49.32432,0,0,0,58.6013484,89.2972928,75.3445908,55.810808,0,0,0,60.8716185,92.756752,78.2635095,57.97297,0,0,0,55.4797257,84.5405344,71.3310759,52.837834,0,0,0,73.2162123,111.5675616,94.1351301,69.729726,0,66.7702692,0,77.8986474,118.7027008,100.1554038,74.189188
